50 1530.57
50 1530.57
50 1530.57
50 1530.57
50 1530.57
50 1530.57
50 1530.57
50 1530.57
50 1530.57
50 1530.57
50 1530.57
50 1530.57
50 1530.57
50 1530.57
50 1530.57
50 1530.57
50 1530.57
50 1530.57
50 1530.57
50 1530.57
50 1530.57
50 1530.57
50 1530.57
50 1530.57
50 1530.57
50 1530.57
50 1530.57
50 1530.57
50 1530.57
50 1530.57
50 1530.57
50 1530.57
50 1530.57
50 1530.57
50 1530.57
50 1530.57
50 1530.57
50 1530.57
50 1530.57
50 1530.57
50 1530.57
50 1530.57
50 1530.57
50 1530.57
50 1530.57
50 1530.57
50 1530.57
50 1530.57
50 1530.57
50 1530.57
